tree
version=v3
num_class=1
num_tree_per_iteration=1
label_index=0
max_feature_idx=8
objective=binary sigmoid:1
feature_names=Gender MaritalStatus Occupation InterestRate DisbursedAmount Terms OutstandingLoan PercentageCompleted Terms-binned
feature_infos=[0:2] [0:2] [0:3] [-0.57692307692307687:1.9615384615384615] [-0.43333333333333335:355.11111111111109] [-0.23809523809523808:3.7142857142857144] [-0.22136087385300346:342.27300675541244] [-0.70384535869340503:0.75811453380194338] [0:2]
tree_sizes=457 3317 672 2456 5554 5574 651 650 3239 3479 4315 2636 571 461 3509 462 459 461 553 459 461 1862 462 1923 1042 1024 442 1026 440 442 843 1303

Tree=0
num_leaves=3
num_cat=0
split_feature=6 6
split_gain=97109 95.7879
threshold=0.06358017735561762 0.076204009774388598
decision_type=2 2
left_child=-1 -2
right_child=1 -3
leaf_value=0.4950460506839619 -0.040168216731903905 -0.30133845289509553
leaf_weight=12868.680851280689 87.92879056930542 11363.439852237701
leaf_count=51663 353 45620
internal_value=0.120881 -0.299573
internal_weight=0 11451.4
internal_count=97636 45973
is_linear=0
shrinkage=1


Tree=1
num_leaves=30
num_cat=0
split_feature=5 3 5 3 3 5 2 2 3 3 2 5 5 5 3 2 3 5 5 5 3 5 5 5 5 5 5 5 5
split_gain=38122.2 1846.27 1466.03 874.504 744.687 323.992 134.802 120.117 117.132 67.2562 58.2245 43.4069 71.1616 33.3575 17.987 15.564 8.54029 5.53854 68.6358 4.88414 4.17282 68.8675 55.5981 128.939 22.9196 88.1552 57.7104 3.48463 1.44011
threshold=0.11904761904761905 0.38461538461538464 0.35714285714285715 -1.0000000180025095e-35 -0.086538461538461522 -0.21428571428571425 2.5000000000000004 2.5000000000000004 -0.086538461538461522 -0.086538461538461522 1.5000000000000002 1.8571428571428574 2.285714285714286 0.6428571428571429 -1.0000000180025095e-35 1.5000000000000002 -0.23076923076923075 -0.16666666666666663 -1.0000000180025095e-35 0.26190476190476192 -0.15384615384615383 -1.0000000180025095e-35 -1.0000000180025095e-35 -0.071428571428571411 -0.16666666666666663 -0.21428571428571425 -0.11904761904761903 0.071428571428571438 3.4285714285714293
decision_type=2 2 2 2 2 2 2 2 2 2 2 2 2 2 2 2 2 2 2 2 2 2 2 2 2 2 2 2 2
left_child=1 3 4 9 6 -5 10 15 13 20 -2 -10 -13 -4 -6 -3 -12 -7 -19 -8 21 -1 23 24 25 -22 -26 -23 -15
right_child=2 7 8 5 14 17 19 -9 11 -11 16 12 -14 28 -16 -17 -18 18 -20 -21 22 27 -24 -25 26 -27 -28 -29 -30
leaf_value=0.2739596211979155 -0.14931244467151425 0.24664616847685233 -0.14783897960550441 0.14342245063141715 -0.20261498808745684 -0.2261697404842577 -0.28259066672630495 0.23121851130244503 -0.33429886095123901 0.29322347342960942 0.040011848113051543 -0.017726375152041118 -0.28958871724592578 -0.28068386370571169 -0.25881239942733913 0.30562748546124607 -0.024901153160254087 0.10128045660307873 -0.1618166996018785 -0.14293011910425923 0.12734434578213619 0.051649362720986046 0.18417351057975895 -0.13816185123478561 0.26075749517773894 -0.12572125252835151 0.066756317181317915 -0.023649372180486041 -0.17933511857360379
leaf_weight=165.17382311820984 160.37595701217651 698.90024375915527 185.50328987836838 165.48237419128418 1037.7919948101044 160.85959434509277 53.2812819480896 1547.4541921615601 5152.9346004724503 190.90951609611511 59.398473501205444 75.421663343906403 133.45484882593155 1472.8252223134041 1417.1143095493317 7160.7316827774048 1210.6105682849884 31.304295778274536 339.22661420702934 346.57553863525391 252.69225692749023 40.962061703205109 715.30564022064209 71.752697944641113 151.84455060958862 57.237832069396973 162.64629316329956 21.469670295715332 154.60148811340332
leaf_count=701 663 2959 766 697 4280 662 218 6545 21096 811 249 314 547 6048 5824 30411 5040 132 1402 1434 1063 172 3017 296 644 236 682 89 638
internal_value=0 0.249108 -0.257762 0.0970316 -0.164609 -0.0899661 -0.0670085 0.289679 -0.312975 0.16935 -0.0364948 -0.329746 -0.203195 -0.26154 -0.236302 0.300789 -0.020199 -0.166921 -0.133374 -0.169579 0.152897 0.207934 0.141953 0.0948047 0.125539 0.0731981 0.169103 0 -0.272821
internal_weight=0 11934 11459.9 2526.87 4285.15 696.873 1830.24 9407.09 7174.74 1829.99 1430.38 5361.81 208.877 1812.93 2454.91 7859.63 1270.01 531.391 370.531 399.857 1639.08 227.606 1411.48 696.174 624.421 309.93 314.491 62.4317 1627.43
internal_count=97636 50519 47117 10604 17708 2893 7604 39915 29409 7711 5952 21957 861 7452 10104 33370 5289 2196 1534 1652 6900 962 5938 2921 2625 1299 1326 261 6686
is_linear=0
shrinkage=0.198533


Tree=2
num_leaves=5
num_cat=0
split_feature=6 6 3 3
split_gain=52247 49.909 11.7065 3.85429
threshold=0.06358017735561762 0.076204009774388598 1.0000000180025095e-35 1.0000000180025095e-35
decision_type=2 2 2 2
left_child=2 -2 -1 -3
right_child=1 3 -4 -5
leaf_value=0.31898557804895739 -0.11587466651483974 -0.31300463543835144 0.28882454867473512 -0.37980351708000792
leaf_weight=3106.4625188857317 87.620307922363281 10133.628482758999 8237.1675477474928 433.37481743097305
leaf_count=13371 353 43885 38292 1735
internal_value=0 -0.314696 0.297391 -0.316105
internal_weight=0 10654.6 11343.6 10567
internal_count=97636 45973 51663 45620
is_linear=0
shrinkage=0.198533


Tree=3
num_leaves=22
num_cat=0
split_feature=5 3 5 3 3 5 3 3 5 3 5 5 3 5 1 5 3 3 5 5 3
split_gain=19412.4 1018.3 957.359 407.141 368.34 137.814 82.659 34.7794 24.4165 24.3202 21.4266 33.9137 15.0028 14.0201 10.2574 9.96251 7.51447 7.03003 4.12357 29.0118 3.40031
threshold=0.071428571428571438 0.38461538461538464 0.35714285714285715 -0.048076923076923073 -1.0000000180025095e-35 -0.21428571428571425 -0.086538461538461522 -0.048076923076923073 0.11904761904761905 -0.15384615384615383 1.8571428571428574 2.285714285714286 -0.15384615384615383 0.6428571428571429 1.5000000000000002 0.26190476190476192 -0.15384615384615383 -0.23076923076923075 -0.16666666666666663 -1.0000000180025095e-35 -0.23076923076923075
decision_type=2 2 2 2 2 2 2 2 2 2 2 2 2 2 2 2 2 2 2 2 2
left_child=1 4 3 8 7 -6 13 12 16 20 -8 -12 17 -4 -3 -11 -2 -1 -7 -20 -10
right_child=2 14 6 -5 5 18 10 -9 9 15 11 -13 -14 -15 -16 -17 -18 -19 19 -21 -22
leaf_value=0 -0.0048366636784533418 0.23864761746467575 -0.10764854764748005 -0.1778686553548397 0.09999577668627499 -0.16543789423257937 -0.26329846361861431 0.24011127517835698 0.019986541595344774 -0.15271943056478132 -0.010172178183045288 -0.22007118317237251 0.10171035902211908 -0.20620658773653502 0.19084168414140992 -0.060974188667304426 0.076281489721917436 0.20075114452268336 0.06422761578114991 -0.10675004780613562 -0.019933564909622888
leaf_weight=17.359839558601379 19.774461418390274 6892.6708009243011 169.28404134511948 2064.9769666790962 145.69433784484863 141.35533428192139 4257.1007515490055 130.49552869796753 54.020667791366577 81.203199803829193 69.356480777263641 112.96065229177475 1177.8692777007818 1399.9580567479134 766.20301769673824 1241.3127559423447 70.461309611797333 153.27123546600342 27.650485962629318 258.24552012979984 438.81520542502403
leaf_count=83 89 36060 766 9700 697 662 21096 699 249 385 314 547 5682 6686 3855 5638 341 790 132 1181 1984
internal_value=0 0.200855 -0.193338 -0.116524 0.0750162 -0.057457 -0.243636 0.127663 -0.0487425 -0.0542543 -0.259381 -0.152974 0.114504 -0.197181 0.234245 -0.0686207 0.0388042 0.186385 -0.116171 -0.0827272 -0.0115042
internal_weight=0 9710.82 9979.22 3970.56 2051.94 572.946 6008.66 1479 1905.59 1815.35 4439.42 182.317 1348.5 1569.24 7658.87 1322.52 90.2358 170.631 427.251 285.896 492.836
internal_count=97636 49841 47795 18386 9926 2672 29409 7254 8686 8256 21957 861 6555 7452 39915 6023 430 873 1975 1313 2233
is_linear=0
shrinkage=0.198533


Tree=4
num_leaves=53
num_cat=0
split_feature=4 5 4 3 4 5 4 4 3 3 5 4 5 4 4 5 5 5 4 4 4 5 4 4 5 4 4 4 4 4 5 4 5 4 5 5 5 5 4 4 5 4 4 3 3 4 4 4 4 4 3 4
split_gain=20331.2 671.63 343.933 234.42 210.567 190.47 186.894 96.4106 67.9494 153.62 63.5934 58.4324 82.1636 67.7584 51.2203 45.8985 41.4345 39.9014 39.7455 32.7267 93.097 39.9919 52.6474 28.9999 30.2246 22.7511 21.7623 21.5316 17.5949 44.0184 19.5735 11.0293 10.1463 7.56167 97.6831 79.3397 15.8599 8.44814 6.49967 26.5609 5.50311 5.15565 4.15506 3.07282 10.9131 3.03253 2.17019 2.00454 1.99884 1.59147 0.846375 0.00623818
threshold=-0.09722222222222221 0.071428571428571438 -0.14999999999999997 -0.15384615384615383 31.777777777777782 0.40476190476190482 0.015555555555555557 0.015555555555555557 -1.0000000180025095e-35 -0.086538461538461522 0.80952380952380965 1.1944444444444449 -0.21428571428571425 0.21944444444444447 -0.12777777777777774 2.285714285714286 1.0000000180025095e-35 -0.16666666666666663 -0.026826499999999979 237.88888888888891 321.22222222222229 2.285714285714286 49.888888888888893 0.12108322222222224 -0.071428571428571411 31.777777777777782 0.10666666666666667 0.21944444444444447 0.015555555555555557 -0.056944444444444436 -1.0000000180025095e-35 0.33827144444444451 0.80952380952380965 0.16111111111111112 -0.16666666666666663 -0.21428571428571425 -0.071428571428571411 -0.21428571428571425 0.59944444444444456 1.7611111111111113 -1.0000000180025095e-35 1.7611111111111113 7.9666666666666677 -1.0000000180025095e-35 -0.048076923076923073 -0.14166666666666664 -0.038888888888888883 -0.074999999999999983 1.0722222222222224 0.061111111111111116 -0.048076923076923073 0.80555555555555569
decision_type=2 2 2 2 2 2 2 2 2 2 2 2 2 2 2 2 2 2 2 2 2 2 2 2 2 2 2 2 2 2 2 2 2 2 2 2 2 2 2 2 2 2 2 2 2 2 2 2 2 2 2 2
left_child=2 8 32 7 6 14 18 -3 9 16 -6 12 13 46 45 27 25 -13 47 21 -21 22 -12 24 -14 26 28 -9 29 -2 -31 -29 -1 35 37 -28 41 -35 -33 48 -37 -36 -41 44 -20 -4 -10 -5 51 -48 -49 -40
right_child=1 3 5 4 10 -7 -8 15 11 -11 19 17 23 -15 -16 -17 -18 -19 43 20 -22 -23 -24 -25 -26 -27 33 31 -30 30 -32 38 -34 34 36 40 -38 -39 39 42 -42 -43 -44 -45 -46 -47 49 50 -50 -51 -52 -53
leaf_value=0.25552625828479064 -0.17937324057802387 0.21334742623115877 -0.055648110303070424 -0.039428779939064094 0.15737201614903262 -0.21928176838859012 -0.23818753635055212 -0.1833984746832415 -0.15245821189505093 0.2038422991770476 -0.18279196206676954 -0.16967851883835744 -0.1325907844717662 0.20037913893934178 0.16243828467346202 -0.18031444847840855 0.10863567308575223 0.044875263513354531 -0.1208758908269804 0.23822914165055853 -0.18791589659719182 -0.20439510211091527 0.14443347141780663 -0.2119184906198916 0 -0.24170364470177144 -0.24113527516203387 0.0042513854123349256 -0.21467259112075962 0.16608399014584849 -0.019945730357305382 -0.13242467149115641 0.0049954902883250253 0.19448610687108367 -0.083812522597568287 0 -0.18352305786129078 0 -0.0080635348022209032 -0.11223737108380229 0.10163129441959289 0.016685186447651417 0 -0.21810441941768455 0 0.020298722765603065 0 0 0.031910695871589685 -0.04371186061611828 0.028218297732066279 0
leaf_weight=6805.7122604846954 48.25534725189209 25.553028762340546 26.818061828613281 44.641391754150391 39.7821074873209 49.195141971111298 6602.4621735811234 83.471867799758911 25.662439823150635 95.05103687942028 31.681649178266525 39.06188702583313 354.19298911094666 46.025036334991455 1022.2544167637825 418.54207396507263 39.736675143241882 146.35360658168793 203.55244183540344 34.874537467956543 34.884689331054688 112.76750506460667 35.775024890899658 278.62765324115753 77.040268242359161 34.214447021484375 33.973502159118652 42.636877536773682 60.654178142547607 29.824619844555855 20.824844166636467 82.377604484558105 22.401080846786499 39.303874969482422 22.772441029548645 26.474334120750427 104.09863489866257 18.142160832881927 87.484365463256836 148.67801809310913 99.500693440437317 24.727828502655029 18.032520294189453 65.556083589792252 37.492847800254822 46.136856555938721 19.947338581085205 60.730067491531372 66.7279372215271 30.835231304168701 39.262657165527344 26.391602993011475
leaf_count=39385 214 115 123 212 175 252 35325 372 109 572 163 190 1680 248 5467 2156 205 759 945 146 179 593 171 1342 354 142 141 191 263 167 95 374 105 204 104 121 461 80 411 725 500 118 87 352 182 222 102 287 304 145 185 116
internal_value=0 -0.186611 0.237749 -0.209994 -0.222604 0.132515 -0.229499 -0.114802 -0.0714724 -0.0200136 -0.0471398 -0.104575 -0.126919 0.0086638 0.151002 -0.126431 -0.0599044 0 -0.0969074 -0.0897332 0.000843134 -0.134349 0 -0.152922 -0.108372 -0.0760707 -0.0595567 -0.0811532 -0.123455 -0.0412304 0.0597789 -0.0572944 0.254993 -0.0254619 -0.0502533 0 -0.139538 0.146622 -0.0678438 -0.0453637 0.0811444 0 -0.101589 -0.137034 -0.103131 0 -0.0881278 0 0 -0.0101133 0.0042188 -0.00696521
internal_weight=0 10058.7 7972.52 8343.36 7343.46 1144.4 7053.7 999.896 1715.3 697.555 289.766 1017.75 832.331 122.47 1095.21 974.343 602.504 185.415 451.235 249.983 69.7592 180.224 67.4567 709.861 431.233 562.767 528.552 555.801 159.559 98.9048 50.6495 472.329 6828.11 368.993 209.045 159.949 151.599 57.446 429.692 347.314 125.975 47.5003 166.711 306.601 241.045 72.9549 76.445 144.634 180.604 50.7826 99.9927 113.876
internal_count=97636 52082 45554 43766 38915 6064 37488 4851 8316 3387 1427 4929 3980 604 5812 4736 2815 949 2163 1252 325 927 334 3376 2034 2610 2468 2580 739 476 262 2208 39490 1729 967 762 683 284 2017 1643 621 222 812 1479 1127 345 356 684 831 247 472 527
is_linear=0
shrinkage=0.198533


Tree=5
num_leaves=53
num_cat=0
split_feature=4 5 4 3 4 4 5 4 5 3 3 4 5 4 4 5 5 4 4 3 5 4 4 5 4 4 4 5 5 3 5 4 4 4 4 4 4 4 5 4 3 4 3 4 4 4 3 4 4 4 4 4
split_gain=15163.7 564.411 351.843 212.556 164.875 167.674 138.862 71.205 46.7561 43.1193 114.365 38.5009 53.1812 51.1312 37.7476 35.2765 33.4399 36.0905 34.0295 32.2318 28.0572 24.0768 68.8956 30.0115 38.8214 23.3977 20.5211 34.1868 46.7107 21.2065 19.5377 17.0772 32.2901 37.3206 32.1462 14.5166 8.96084 8.49907 8.0124 7.32766 7.2593 4.39743 10.4362 3.58508 18.1396 2.74348 2.22518 2.08999 1.33723 1.18346 0.948378 1.14925
threshold=-0.09722222222222221 0.071428571428571438 -0.14999999999999997 -0.15384615384615383 31.777777777777782 0.015555555555555557 0.40476190476190482 0.015555555555555557 0.80952380952380965 -1.0000000180025095e-35 -0.048076923076923073 1.0277777777777779 -0.21428571428571425 0.21944444444444447 -0.12777777777777774 2.285714285714286 -1.0000000180025095e-35 0.42777777777777781 -1.0000000180025095e-35 -1.0000000180025095e-35 -0.16666666666666663 237.88888888888891 321.22222222222229 2.285714285714286 49.888888888888893 0.12108322222222224 -0.026826499999999979 0.52380952380952384 0.80952380952380965 -0.086538461538461522 -0.071428571428571411 0.015555555555555557 0.21944444444444447 31.777777777777782 -0.056944444444444436 0.21944444444444447 0.12108322222222224 0.33827144444444451 0.80952380952380965 0.42777777777777781 -0.086538461538461522 -0.074999999999999983 -0.048076923076923073 0.59944444444444456 1.7611111111111113 7.9666666666666677 -0.048076923076923073 -0.14166666666666664 1.0722222222222224 2.0277777777777781 -0.038888888888888883 0.061111111111111116
decision_type=2 2 2 2 2 2 2 2 2 2 2 2 2 2 2 2 2 2 2 2 2 2 2 2 2 2 2 2 2 2 2 2 2 2 2 2 2 2 2 2 2 2 2 2 2 2 2 2 2 2 2 2
left_child=2 9 38 7 5 19 14 -3 -6 10 16 12 13 50 47 35 31 18 -18 26 -13 23 -23 24 -10 30 41 29 -29 -28 -14 34 -33 39 -2 -9 -20 -37 -1 -34 -16 -5 -43 -39 48 -46 -31 -4 -45 -41 -11 -52
right_child=1 3 6 4 8 -7 -8 15 21 11 -12 20 25 -15 40 -17 17 -19 36 -21 -22 22 -24 -25 -26 -27 27 28 -30 46 -32 32 33 -35 -36 37 -38 43 -40 49 -42 42 -44 44 45 -47 -48 -49 -50 -51 51 -53
leaf_value=0.24186566118043787 -0.11378020890205456 0.18827912591483106 -0.046268415714163062 -0.032649375811652809 0.13457941670057139 -0.21873842626394244 -0.1993735662302426 -0.15600193523613076 -0.16510558787684804 -0.12779938568305277 0.20140340310436267 -0.1460725120838969 -0.10567769313979811 0.1832640107409711 0.074434184613375101 -0.15822400996672925 -0.11609902341385554 -0.12684681640175494 0.023372119697573412 -0.21105179302439742 0.036831881411862978 0.20932378203852467 -0.17020242480363529 -0.18448376010455267 0.12405511775535176 -0.18045248818487958 -0.20644916275396055 0.1685010197157939 -0.11428080599171805 -0.04556348380103261 0 -0.19568402399700424 -0.026740415581055676 -0.21168016729089645 0.15060298193894467 0.003496444714764407 0.15029761046169299 -0.11059431228755415 0.004181815821319242 0.09745711496405543 0.15231443046593487 0 0.12783627702003414 -0.0057888232398881538 -0.093631386610395495 0 0 0.016700978781741455 0.026109659925175836 0 0 -0.036120887959063527
leaf_weight=5862.0441955924034 36.580115795135498 24.034006044268608 26.855478286743164 44.284138202667236 38.293749451637268 5844.1369161605835 44.382253885269165 79.92089056968689 28.943766385316849 25.509953022003174 75.045117676258087 37.361970782279968 357.04285633563995 41.307555198669434 183.10481914877892 386.5610363483429 29.194602251052856 58.100542187690735 105.78354689478874 70.063881829380989 144.2534567117691 32.726449012756348 31.730030536651611 101.86305436491966 34.360610961914062 264.688227891922 86.868091821670532 37.753682032227516 43.092742681503296 49.471230030059814 77.039951592683792 113.07834386825562 60.6753830909729 32.227546691894531 27.163327768445015 42.626733303070068 65.005442261695862 80.278871536254883 22.414498567581177 25.487369060516357 776.06297650933266 60.73007345199585 27.584506750106812 113.8408145904541 144.33715581893921 18.032520294189453 18.306100949645042 46.028459072113037 66.496352195739746 36.242915153503418 19.947290658950806 30.940411329269409
leaf_count=39385 172 115 123 212 175 35325 252 372 163 109 520 190 1680 248 889 2156 129 257 533 415 759 146 179 593 171 1342 408 163 235 238 354 506 309 142 167 191 351 374 105 133 4578 287 122 527 725 87 83 222 304 168 102 145
internal_value=0 -0.166651 0.221871 -0.189951 -0.203032 -0.209622 0.113279 -0.097735 -0.0403913 -0.0600428 -0.0169394 -0.0865826 -0.104887 0.00334068 0.129488 -0.108142 -0.0494508 0 0.0445922 -0.0825535 0 -0.0800779 0 -0.12008 0 -0.125769 -0.0504035 -0.0854691 0 -0.13945 -0.0863382 -0.0907687 -0.112398 -0.0351328 0 -0.0680191 0.08561 -0.0473033 0.241294 0.00257508 0.139921 0 0.0359857 -0.0569375 -0.0373842 -0.0847113 -0.0186604 0 0 0.0603198 -0.0753604 -0.00529585
internal_weight=0 9169.01 6960.89 7506.34 6550.21 6282.29 1076.43 956.128 267.918 1662.68 664.584 998.092 816.476 117.705 1032.05 932.094 589.539 258.084 199.984 438.154 181.615 229.624 64.4565 165.167 63.3044 698.771 368.091 235.492 80.8464 154.645 434.083 331.455 267.712 154.633 63.7434 545.533 170.789 465.612 5884.46 122.406 959.168 132.599 88.3146 422.986 342.707 162.37 67.7773 72.8839 180.337 61.7303 76.3977 50.8877
internal_count=97636 52082 45554 43766 38915 37488 6064 4851 1427 8316 3387 4929 3980 604 5812 4736 2867 1270 1013 2163 949 1252 325 927 334 3376 1748 1127 398 729 2034 1597 1258 752 339 2580 884 2208 39490 610 5467 621 409 2017 1643 812 321 345 831 301 356 247
is_linear=0
shrinkage=0.198533


Tree=6
num_leaves=5
num_cat=0
split_feature=6 5 5 6
split_gain=23271.6 136.83 77.6527 71.8421
threshold=0.06358017735561762 0.2142857142857143 1.0000000180025095e-35 0.076204009774388598
decision_type=2 2 2 2
left_child=1 -1 -2 -4
right_child=2 -3 3 -5
leaf_value=0.23697962515284657 -0.31353226179178489 0.3154939984766994 0 -0.24488021196340784
leaf_weight=5916.4897239506245 1008.5760655254126 1322.4722824990749 60.293208077549934 6069.1649132370949
leaf_count=45493 4654 6170 256 41063
internal_value=0 0.251798 -0.253213 -0.242725
internal_weight=0 7238.96 7138.03 6129.46
internal_count=97636 51663 45973 41319
is_linear=0
shrinkage=0.198533


Tree=7
num_leaves=5
num_cat=0
split_feature=6 5 5 6
split_gain=18086.3 48.1081 20.5184 65.2338
threshold=0.06358017735561762 0.2142857142857143 1.0000000180025095e-35 0.076204009774388598
decision_type=2 2 2 2
left_child=1 -1 -2 -4
right_child=2 -3 3 -5
leaf_value=0.22890656840299542 -0.28362406020247044 0.28582277187337463 0 -0.23487742761107105
leaf_weight=5004.3757760971785 905.00558582693338 1184.9550502598286 60.2931934222579 5166.0016138553619
leaf_count=45493 4654 6170 256 41063
internal_value=0 0.240337 -0.240557 -0.232465
internal_weight=0 6189.33 6131.3 5226.29
internal_count=97636 51663 45973 41319
is_linear=0
shrinkage=0.198533


Tree=8
num_leaves=31
num_cat=0
split_feature=4 4 3 3 4 4 4 3 4 4 4 3 4 4 4 4 4 4 4 4 4 4 4 3 4 4 4 4 4 4
split_gain=6764.99 293.136 120.771 169.886 48.7759 44.6822 27.1656 18.1176 17.5573 16.4906 13.4462 11.8284 18.6681 31.0644 14.7898 8.39351 5.85305 16.0768 5.76245 6.26719 4.75125 2.51973 18.9068 1.80323 1.44838 0.561949 0.815995 0.530686 4.12107 0.212999
threshold=-0.09722222222222221 -0.16944444444444443 0.38461538461538464 -0.048076923076923073 49.888888888888893 1.0000000180025095e-35 -0.016666666666666663 0.38461538461538464 237.88888888888891 321.22222222222229 0.80555555555555569 -0.15384615384615383 0.28666666666666674 0.12108322222222224 1.7611111111111113 52.888888888888893 -0.056944444444444436 -0.069444444444444434 0.80555555555555569 0.061111111111111116 0.16111111111111112 1.0277777777777779 1.127777777777778 1.8846153846153848 0.25000000000000006 5.0000000000000009 1.1944444444444449 -1.0000000180025095e-35 -0.056944444444444436 64.555555555555571
decision_type=2 2 2 2 2 2 2 2 2 2 2 2 2 2 2 2 2 2 2 2 2 2 2 2 2 2 2 2 2 2
left_child=1 -1 3 6 5 27 16 -3 11 -10 -4 14 13 -13 18 -6 17 -2 19 -8 -15 -14 -23 -9 -22 26 -12 28 -5 -17
right_child=2 7 10 4 15 -7 8 23 9 -11 25 12 21 20 -16 29 -18 -19 -20 -21 24 22 -24 -25 -26 -27 -28 -29 -30 -31
leaf_value=0.21907022390581241 0 0.049645549197563636 -0.052488702315692033 -0.086712402123726245 0.10917871955168199 -0.17807007249071805 0 0.12127157698213636 0.12731183206270122 -0.095869000882684019 0 -0.10398962374351092 -0.17934837756571737 0.091403449906197656 -0.10407887472497093 0 0.017762683365311473 -0.15439283336636547 0 -0.059236412966860413 -0.029778284086456903 0 -0.12562319620946272 0 0 0 0.056929524903143756 -0.056190580857202396 0.014591115108594553 -0.051781380126379888
leaf_weight=3388.1763232350349 38.774288892745972 438.18618583679199 346.89178335666656 15.372057437896727 19.518332481384277 3173.0417151451111 17.833674289286137 462.12268263101578 22.089069366455078 18.006013870239258 19.04425835609436 518.23867668956518 302.85688447952271 17.186953544616699 391.66736054420471 15.220574378967287 84.395790576934814 30.131513357162476 72.482980728149414 239.66951012611389 61.750753402709961 23.632355690002441 450.93646156787872 20.097992360591888 27.259138107299805 93.521905899047852 17.929068326950073 88.388602517545223 39.230438947677612 12.631541252136229
leaf_count=38246 224 2914 2049 110 145 30771 141 4218 146 152 112 3577 2517 143 2968 100 553 200 420 1452 441 141 3642 176 214 618 139 734 254 119
internal_value=0 0.191668 -0.132495 -0.14066 -0.170014 -0.172904 -0.0969401 0.0880642 -0.102738 0 -0.0308598 -0.105257 -0.119083 -0.0839284 -0.075098 0 -0.00219575 -0.0524509 -0.0338719 -0.0482643 0 -0.144125 -0.115972 0.118128 -0.00470893 0.0121297 0.0316715 -0.0430223 0 -0.034388
internal_weight=0 4308.58 6157.7 5680.31 3363.4 3316.03 2316.91 920.407 2163.61 40.0951 477.387 2123.51 1401.86 624.436 721.654 47.3704 153.302 68.9058 329.986 257.503 106.197 777.426 474.569 482.221 89.0099 130.495 36.9733 142.991 54.6025 27.8521
internal_count=97636 45554 52082 49164 32233 31869 16931 7308 15954 298 2918 15656 10675 4375 4981 364 977 424 2013 1593 798 6300 3783 4394 655 869 251 1098 364 219
is_linear=0
shrinkage=0.198533


Tree=9
num_leaves=33
num_cat=0
split_feature=7 3 5 2 7 7 2 7 3 3 7 7 5 7 7 7 7 7 7 7 5 7 7 7 3 5 7 7 7 7 7 7
split_gain=7589.75 903.293 208.261 164.821 75.6731 88.6693 70.4311 69.3143 61.2638 29.2657 22.3306 19.4199 29.451 18.603 39.4852 31.5877 41.613 18.3208 17.7786 17.388 15.9237 11.2042 6.25866 4.048 3.35374 3.08366 2.39105 1.19416 6.07612 0.568304 0.252076 0.0726518
threshold=0.22937771345875543 0.38461538461538464 0.35714285714285715 2.5000000000000004 -0.14259871821376888 -0.36784163737854042 1.5000000000000002 -0.04920405209840812 -0.086538461538461522 -0.15384615384615383 -0.48986975397973948 0.28871201157742404 0.071428571428571438 -0.13174488319206121 -0.079129625801116418 -0.032406450279098629 0.039745710150919988 -0.13262352697953275 0.49607194542071542 0.47529460409344643 -0.16666666666666663 0.19836675625387643 -0.40267727930535457 -0.067345462063262349 1.8846153846153848 0.52380952380952384 0.13805044449038664 0.12357866446144304 0.07065329749844948 -0.39451106057473634 -0.13836055406243539 -0.38655158155881736
decision_type=2 2 2 2 2 2 2 2 2 2 2 2 2 2 2 2 2 2 2 2 2 2 2 2 2 2 2 2 2 2 2 2
left_child=1 2 4 6 5 22 -3 24 9 26 -4 25 -13 30 -15 23 -17 -10 19 -14 -5 27 -1 -16 -8 -2 -6 28 -18 -24 -11 -31
right_child=11 3 10 20 8 -7 7 -9 17 13 -12 12 18 14 15 16 21 -19 -20 -21 -22 -23 29 -25 -26 -27 -28 -29 -30 31 -32 -33
leaf_value=-0.056129924773455034 0.077539508551001279 -0.060264337295293478 0 0.0060761272779269581 -0.14497264106064839 -0.19267467106394467 0.056327806448434374 0.19520912711188557 0 0 -0.21807410525203386 0.21528127790326718 0.16052614568619897 -0.152203657727495 0 -0.12477034185382384 0.072874505686519264 -0.14051558955176119 0.28803199613452513 -0.03706306830002859 -0.12051042214246185 -0.054508676325659915 0.029751950646313512 0.11323488748227784 0 -0.022893589600003723 0 0.091403888388033122 -0.028944813856918484 -0.011297068263506432 0.12483803395341786 0
leaf_weight=142.96174240112305 13.884240865707397 93.377255082130432 22.554958343505859 13.034579262137411 93.133780300617218 991.88635379076004 328.10593596100807 242.99826711416245 24.943310141563416 16.431062698364258 2405.4912901520729 2871.6038563549519 26.030126959085464 77.204975426197052 12.82040500640869 114.82663755118847 34.990095853805542 638.66300582885742 668.85492253303528 11.748832702636717 214.63333262503147 25.449069976806641 20.326450347900391 79.368978023529053 49.908477455377579 10.533450126647949 16.662774801254272 54.440056264400482 27.53765881061554 17.458717346191406 24.847023487091064 16.127865791320801
leaf_count=1188 129 767 153 160 573 8234 3760 3311 205 87 27619 35130 152 572 108 919 269 6118 3515 145 1574 178 213 656 515 130 122 429 207 146 177 175
internal_value=0 -0.139169 -0.173712 0.0368963 -0.130081 -0.168099 0.0852113 0.11049 -0.0915911 -0.0389385 -0.216226 0.227508 0.228749 -0.0120966 -0.0283766 0 -0.0351004 -0.133895 0.278864 0.0565404 -0.104948 0.025807 -0.0329693 0.0974082 0.0491347 0 -0.130938 0.0607041 0.000463663 0 0.0991662 0
internal_weight=0 5800.18 4858.13 942.058 2430.08 1188.76 714.39 621.013 1241.32 577.713 2428.05 3602.66 3578.24 467.916 426.638 349.433 257.244 663.606 706.634 37.779 227.668 142.417 196.875 92.1894 378.014 24.4177 109.797 116.968 62.5278 53.913 41.2781 33.5866
internal_count=97636 58435 48348 10087 20576 9956 8353 7586 10620 4297 27772 39201 38942 3602 3338 2766 2002 6323 3812 297 1734 1083 1722 764 4275 259 695 905 476 534 264 321
is_linear=0
shrinkage=0.198533


Tree=10
num_leaves=41
num_cat=0
split_feature=7 5 5 7 7 7 7 7 7 7 7 7 7 5 7 7 7 7 7 7 7 7 7 7 7 7 7 7 7 7 7 7 7 7 5 5 7 7 7 7
split_gain=5845.59 640.713 234.353 74.6267 113.372 55.0706 53.6964 32.2352 32.0149 31.9411 21.1847 11.2599 11.0374 25.2975 19.2771 9.26937 6.61071 36.5993 20.2494 25.312 16.9822 26.302 14.3903 13.1328 10.0459 11.6116 5.7629 46.8539 15.9386 17.4435 4.8981 3.3338 2.85068 47.7253 1.93894 5.41791 1.00765 1.85188 0.410242 0.304272
threshold=0.28871201157742404 -0.11904761904761903 0.35714285714285715 -0.39451106057473634 -0.14259871821376888 -0.1616187719660947 0.010595410378333664 -0.38655158155881736 0.14823237543932188 -0.13174488319206121 -0.48986975397973948 -0.48986975397973948 0.7176452346495763 0.80952380952380965 0.70849700227413703 -0.36784163737854042 -0.067345462063262349 -0.032406450279098629 -0.053442216249741589 -0.065949968989042804 0.032354765350423816 0.056491627041554658 0.048325408310936527 0.035507545999586498 0.13805044449038664 0.17743436014058303 -0.29770518916683891 -0.27573909448004957 -0.36484391151540208 -0.37812693818482529 -0.1125180897250362 0.21935083729584456 -0.023826752119082088 -0.034060367996692174 -0.16666666666666663 -0.21428571428571425 -0.40267727930535457 -0.45188133140376269 0.17516022327889191 -0.11815174695058921
decision_type=2 2 2 2 2 2 2 2 2 2 2 2 2 2 2 2 2 2 2 2 2 2 2 2 2 2 2 2 2 2 2 2 2 2 2 2 2 2 2 2
left_child=1 5 3 11 15 7 32 -1 -8 -6 -4 -3 13 14 -2 -5 30 18 19 -18 -19 22 23 -22 -23 38 28 -28 29 -9 39 -27 33 -7 35 -29 37 -13 -26 -11
right_child=12 2 10 4 9 6 8 26 -10 16 -12 36 -14 -15 -16 -17 17 20 -20 -21 21 24 -24 -25 25 31 27 34 -30 -31 -32 -33 -34 -35 -36 -37 -38 -39 -40 -41
leaf_value=-0.17806137885113801 0.18157101556632213 0.13086072175526856 0 0 0.026902116118229773 0.1258791082306325 -0.16234001914743587 0.014060669562608989 0.064472390611935826 -0.02115355773260183 -0.21310714199018307 0 0.22821676707730013 0 0 -0.18407564241163307 0.067329714034110852 -0.14672039358418648 0.078265594105534103 -0.13837989758537178 0.040808864266872781 -0.13072369558294669 0.11003008743653461 -0.095847891391760268 0.019421411935403043 -0.085022696105740883 -0.18491975422124757 0 0.13596384255489199 -0.136256106573514 -0.15492510219087929 0 0.11051238806267642 -0.15434492183881782 -0.0075108708038220439 0.09063917174333766 0.025326392288466993 -0.044909744257938138 0 0
leaf_weight=49.0284583568573 429.94260704517365 27.110304832458496 22.554976463317871 26.328037977218628 76.792906165122986 71.993519604206085 54.905633449554443 142.19956970214844 22.917356848716736 21.822520434856415 2024.2062194570899 23.184036254882812 2589.9025533497334 14.319094419479368 9.2925181388854963 793.55823367834091 20.671104431152344 218.28374214842916 82.278092265129089 54.842272758483887 26.99359130859375 176.33385586738586 37.254034519195557 51.881023406982422 42.10454797744751 125.82058048248291 57.430692315101624 74.62550687789917 29.753188014030457 30.70660138130188 152.79438722133636 14.44825094938278 274.63455355167389 26.267738997936249 235.70888030529022 28.664189457893372 20.041091918945312 42.946609497070312 19.61988639831543 12.820379316806791
leaf_count=422 5624 256 153 229 620 867 396 1609 334 186 27749 187 33095 161 62 7428 187 2086 654 593 184 1722 238 451 305 1233 452 749 328 193 1421 100 3580 149 2411 399 213 323 178 109
internal_value=0 -0.126207 -0.162156 -0.112514 -0.121813 0.00677332 0.0611021 -0.0282154 -0.0722554 -0.0775477 -0.21097 0.0298964 0.219814 0.165647 0.174837 -0.179887 -0.087045 -0.0734287 0.00170904 -0.0572825 -0.0926631 -0.0636891 0.00414308 -0.0262947 -0.0893556 -0.0415922 -0.0113737 -0.026756 0.00929197 -0.00479363 -0.136664 -0.0748672 0.0946536 0.0283437 0 0.0240928 0 -0.018244 0.00488186 0
internal_weight=0 5213.53 4114.69 2067.93 1954.65 1098.84 450.719 648.117 77.823 1134.76 2046.76 113.282 3043.46 453.554 439.235 819.886 1057.97 870.531 157.791 75.5134 712.74 494.456 116.129 78.8746 378.327 201.993 599.089 396.429 202.659 172.906 187.437 140.269 372.896 98.2613 338.999 103.29 86.1717 66.1306 61.7244 34.6429
internal_count=97636 58694 46805 18903 17924 11889 5326 6563 730 10267 27902 979 38942 5847 5686 7657 9647 7931 1434 780 6497 4411 873 635 3538 1816 6141 4011 2130 1802 1716 1333 4596 1016 3559 1148 723 510 483 295
is_linear=0
shrinkage=0.198533


Tree=11
num_leaves=24
num_cat=0
split_feature=5 5 3 3 2 3 3 2 2 3 5 5 5 2 5 3 5 2 5 3 3 2 2
split_gain=2132.08 250.077 175.832 54.9049 54.7749 38.2862 32.8955 18.493 9.20527 7.2908 7.24611 3.5149 3.00292 2.73203 0.763953 0.743493 0.67273 0.429746 0.341286 0.283345 3.14058 0.277015 2.42147
threshold=0.11904761904761905 0.35714285714285715 0.38461538461538464 -0.048076923076923073 2.5000000000000004 -1.0000000180025095e-35 -1.0000000180025095e-35 1.5000000000000002 2.5000000000000004 -0.048076923076923073 -0.21428571428571425 1.5714285714285716 2.285714285714286 1.5000000000000002 -0.11904761904761903 -0.23076923076923075 0.6428571428571429 1.0000000180025095e-35 1.0000000180025095e-35 -0.086538461538461522 -0.048076923076923073 2.5000000000000004 1.5000000000000002
decision_type=2 2 2 2 2 2 2 2 2 2 2 2 2 2 2 2 2 2 2 2 2 2 2
left_child=2 6 5 16 7 9 8 17 13 -1 -7 -5 -13 -2 -12 -15 -3 -4 -16 -17 -21 22 -8
right_child=1 3 4 11 -6 10 21 -9 -10 -11 14 12 -14 15 18 19 -18 -19 -20 20 -22 -23 -24
leaf_value=0.056167014998436217 -0.044299530033801111 -0.026763260635790639 0.08530679738134575 -0.18204291897513131 0.076879632393603362 0.030297040358303211 -0.10348501314038294 0.16822616587733497 -0.057632618537896675 0.16188038564575538 -0.060153443413820361 0 -0.090498080121919358 0 0 -0.012135103028128747 -0.10343778848085786 0 -0.023696919466076622 0.034214538797636265 -0.021382310857399396 -0.1172797773225487 -0.030362276576677307
leaf_weight=675.1939193457365 142.14275085926056 81.220554854720831 207.31781914457679 1218.3236723206937 517.57274007797241 70.741622447967529 88.127182930707932 1700.7913012504578 363.13656711578369 49.440235376358032 72.078157126903534 24.675078481435776 39.132564693689346 30.710653305053711 125.56560558080673 631.39897799491882 588.15952226892114 13.307558733969925 36.851990818977356 55.38794207572937 111.20370304584503 233.5883584022522 189.78154742717743
leaf_count=6985 1412 799 2808 20546 6545 697 1090 30411 3651 726 723 280 547 249 1082 5040 7237 151 391 405 1127 2884 1850
internal_value=0 -0.101481 0.113676 -0.151425 0.143036 0.0419145 -0.0473526 0.159605 -0.0285861 0.0670944 -0.0117254 -0.177702 -0.059425 -0.0154945 -0.032871 -0.00799136 -0.0972778 0.0822977 -0.00774377 -0.010139 0 -0.0917914 -0.0618221
internal_weight=0 3796.99 3468.86 1951.51 2438.99 1029.87 1845.48 1921.42 1333.98 724.634 305.237 1282.13 63.8076 970.844 234.496 828.701 669.38 220.625 162.418 797.991 166.592 511.497 277.909
internal_count=97636 47117 50519 29409 39915 10604 17708 33370 11884 7711 2893 21373 827 8233 2196 6821 8036 2959 1473 6572 1532 5824 2940
is_linear=0
shrinkage=0.198533


Tree=12
num_leaves=4
num_cat=0
split_feature=6 6 3
split_gain=8599.85 33.5361 9.47982
threshold=0.06358017735561762 0.076204009774388598 1.0000000180025095e-35
decision_type=2 2 2
left_child=-1 -2 -3
right_child=1 2 -4
leaf_value=0.22436597067531033 -0.054054691489387539 -0.21784654494338071 -0.28660399094071243
leaf_weight=3385.3642593547702 79.174835324287415 2955.3459697663784 351.21088770031929
leaf_count=51663 353 43885 1735
internal_value=0 -0.222789 -0.226156
internal_weight=0 3385.73 3306.56
internal_count=97636 45973 45620
is_linear=0
shrinkage=0.198533


Tree=13
num_leaves=3
num_cat=0
split_feature=6 6
split_gain=6866.66 36.387
threshold=0.06358017735561762 0.076204009774388598
decision_type=2 2
left_child=-1 -2
right_child=1 -3
leaf_value=0.21953569086679767 -0.044519293161260187 -0.22059708033764999
leaf_weight=2830.6395820491016 78.228294610977173 2774.4622795581818
leaf_count=51663 353 45620
internal_value=0 -0.216534
internal_weight=0 2852.69
internal_count=97636 45973
is_linear=0
shrinkage=0.198533


Tree=14
num_leaves=33
num_cat=0
split_feature=7 5 5 7 7 7 7 7 7 7 7 7 7 7 7 7 7 7 7 7 7 7 7 7 7 7 7 7 7 7 7 7
split_gain=2680.52 292.475 50.5633 36.5648 63.797 26.3964 24.7119 21.622 19.7466 18.0232 15.4765 8.90669 3.42616 2.70823 2.61451 14.9623 1.35044 19.2556 6.60905 8.01694 4.60682 16.0504 6.40302 2.96453 0.936021 13.0669 0.700295 0.629922 0.33768 1.71499 0.0321839 0.24407
threshold=0.22937771345875543 0.35714285714285715 -0.11904761904761903 -0.14259871821376888 -0.36784163737854042 -0.1616187719660947 -0.13174488319206121 0.066260078561091576 0.7176452346495763 -0.48986975397973948 0.71294190614016972 0.14823237543932188 -0.48986975397973948 -0.27573909448004957 -0.29770518916683891 -0.36484391151540208 -0.067345462063262349 -0.032406450279098629 -0.053442216249741589 -0.065949968989042804 0.032354765350423816 0.056491627041554658 0.048325408310936527 0.035507545999586498 -0.023826752119082088 -0.034060367996692174 0.010595410378333664 -0.1125180897250362 -0.38655158155881736 -0.37812693818482529 -0.40267727930535457 -0.45188133140376269
decision_type=2 2 2 2 2 2 2 2 2 2 2 2 2 2 2 2 2 2 2 2 2 2 2 2 2 2 2 2 2 2 2 2
left_child=1 2 5 4 12 13 -5 24 10 -3 -2 -9 -4 14 15 28 27 18 19 -18 -19 22 23 -22 25 -7 -26 -8 -1 -30 31 -14
right_child=8 9 3 6 -6 7 16 11 -10 -11 -12 -13 30 -15 -16 -17 17 20 -20 -21 21 -23 -24 -25 26 -27 -28 -29 29 -31 -32 -33
leaf_value=-0.13296599268078002 0.13786916937461355 0 0.078287189454096032 0.049133438125067243 -0.15579855419528407 0.077984203990443826 0 -0.13274691636253289 0.21517802396006891 -0.20101191300345364 0 0 0 -0.020679214939073751 -0.14762980548748986 0.078025313077556738 0.025338409319389927 -0.11350422267576969 0.061903693457472743 -0.092873850071998637 0.0070529491992649589 -0.0716655518809175 0.088376090865102577 -0.05435234276268238 0.067246097826099291 -0.097655181031482075 0 -0.12121163752572188 0 -0.08743940596943553 0 -0.017452081707094995
leaf_weight=30.088789582252502 266.3126328587532 16.287644386291504 17.101394653320312 59.508811295032501 498.62929314374924 43.458227604627609 24.919256776571274 33.377260088920593 1399.9417303204536 993.51632634922862 6.3639411926269522 9.3898754119873029 17.002449989318848 233.37786316871643 37.380748450756073 17.281891465187073 14.476686477661131 137.65508151985705 59.507777035236359 32.755593299865723 20.347105979919434 251.43899944424629 28.925817966461182 34.148300170898438 165.03244218230247 18.138551354408264 4.9802749156951895 97.489579290151596 98.324798822402954 21.775173902511597 31.879370927810669 30.771113395690918
leaf_count=422 6077 153 256 620 7428 867 295 322 33095 27619 29 241 187 3559 452 328 187 2086 654 593 184 3502 238 451 3580 149 74 1421 1609 193 442 323
internal_value=0 -0.109289 -0.0648708 -0.0877343 -0.127175 -0.018336 -0.053726 0.025165 0.202539 -0.197629 0.127966 -0.0824838 0.00167438 -0.0499266 -0.0727188 -0.0409673 -0.0654801 -0.052371 0.00877548 -0.0205194 -0.0701947 -0.0452795 0.011859 -0.000131112 0.0545611 0 0.0650815 -0.107811 -0.069228 -0.0330902 0 -0.00490376
internal_weight=0 3078.97 2069.16 1356.56 595.384 712.606 761.173 274.377 1672.62 1009.8 272.677 42.7671 96.7543 438.229 204.851 167.471 701.664 579.255 106.74 47.2323 472.515 334.86 83.4212 54.4954 231.609 61.5968 170.013 122.409 150.189 120.1 79.6529 47.7736
internal_count=97636 58435 30663 18867 8636 11796 10231 5233 39201 27772 6106 563 1208 6563 3004 2552 9611 7895 1434 780 6461 4375 873 635 4670 1016 3654 1716 2224 1802 952 510
is_linear=0
shrinkage=0.198533


Tree=15
num_leaves=3
num_cat=0
split_feature=6 6
split_gain=4845.06 43.2166
threshold=0.06358017735561762 0.076204009774388598
decision_type=2 2
left_child=-1 -2
right_child=1 -3
leaf_value=0.21376977377947326 -0.027570674296598166 -0.21599103614565388
leaf_weight=2103.6006204150617 75.070224404335022 2058.2762275934219
leaf_count=51663 353 45620
internal_value=0 -0.210348
internal_weight=0 2133.35
internal_count=97636 45973
is_linear=0
shrinkage=0.198533


Tree=16
num_leaves=3
num_cat=0
split_feature=6 6
split_gain=3897.8 44.0641
threshold=0.06358017735561762 0.076204009774388598
decision_type=2 2
left_child=-1 -2
right_child=1 -3
leaf_value=0.21056149888118333 -0.022613377081618195 -0.21257016209840054
leaf_weight=1748.46471718885 74.514157593250275 1712.0989615321159
leaf_count=51663 353 45620
internal_value=0 -0.205815
internal_weight=0 1786.61
internal_count=97636 45973
is_linear=0
shrinkage=0.198533


Tree=17
num_leaves=3
num_cat=0
split_feature=6 6
split_gain=3141.2 44.5265
threshold=0.06358017735561762 0.076204009774388598
decision_type=2 2
left_child=-1 -2
right_child=1 -3
leaf_value=0.20780463096578614 -0.018527925668391527 -0.20959416205226483
leaf_weight=1450.7578421607614 74.045052528381348 1421.7671611309052
leaf_count=51663 353 45620
internal_value=0 -0.201522
internal_weight=0 1495.81
internal_count=97636 45973
is_linear=0
shrinkage=0.198533


Tree=18
num_leaves=4
num_cat=0
split_feature=3 3 0
split_gain=271.346 35.8804 0.711234
threshold=0.38461538461538464 -0.048076923076923073 1.5000000000000002
decision_type=2 2 2
left_child=1 -1 -2
right_child=2 -3 -4
leaf_value=-0.014040292251486442 0.097440720805881537 -0.075483894869123616 0
leaf_weight=875.87308496981859 767.69394345488399 807.18014902435243 4.0863183932378879
leaf_count=23277 39835 34391 133
internal_value=0 -0.0447933 0.0969982
internal_weight=0 1683.05 771.78
internal_count=97636 57668 39968
is_linear=0
shrinkage=0.198533


Tree=19
num_leaves=3
num_cat=0
split_feature=6 6
split_gain=2475.02 47.9476
threshold=0.06358017735561762 0.076204009774388598
decision_type=2 2
left_child=-1 -2
right_child=1 -3
leaf_value=0.205917348529777 -0.010463659180918681 -0.20772322739019064
leaf_weight=1168.2125686826184 73.06345009803772 1146.5973774790764
leaf_count=51663 353 45620
internal_value=0 -0.197581
internal_weight=0 1219.66
internal_count=97636 45973
is_linear=0
shrinkage=0.198533


Tree=20
num_leaves=3
num_cat=0
split_feature=6 6
split_gain=1997.46 47.0958
threshold=0.06358017735561762 0.076204009774388598
decision_type=2 2
left_child=-1 -2
right_child=1 -3
leaf_value=0.20366360111766868 -0.0085471810188483925 -0.20525093898712943
leaf_weight=967.42959613632411 72.83250617980957 950.36302334070206
leaf_count=51663 353 45620
internal_value=0 -0.193246
internal_weight=0 1023.2
internal_count=97636 45973
is_linear=0
shrinkage=0.198533


Tree=21
num_leaves=17
num_cat=0
split_feature=7 5 7 7 7 7 7 7 7 7 7 7 7 7 7 7
split_gain=657.988 89.8662 26.9782 14.2715 11.4324 8.31151 8.08377 4.29665 1.95706 5.18638 2.03485 1.48061 0.862917 5.75414 0.044901 0.0328259
threshold=0.22937771345875543 0.35714285714285715 -0.14259871821376888 0.7176452346495763 -0.13174488319206121 -0.42076700434153397 0.71294190614016972 -0.39451106057473634 0.057370270829026238 -1.0000000180025095e-35 0.13805044449038664 0.048325408310936527 -0.034060367996692174 -0.053442216249741589 0.010595410378333664 0.17743436014058303
decision_type=2 2 2 2 2 2 2 2 2 2 2 2 2 2 2 2
left_child=1 2 7 6 -4 -3 -2 -1 9 12 -10 14 13 -6 -11 -12
right_child=3 5 4 -5 8 -7 -8 -9 10 11 15 -13 -14 -15 -16 -17
leaf_value=0 0.091331577604361003 0 0.082362791119482234 0.19836686311630908 -0.04824276660733464 -0.18870007463569929 0 -0.092716929314355295 -0.075696374578494235 0.0047549320067559221 0 0.058647726968406637 -0.073352362059380297 0.040130876771348106 0 -0.005679612851673
leaf_weight=41.370436191558838 92.243029162287712 11.373558878898619 36.361931920051575 439.22963950783014 67.78277587890625 286.3288611844182 6.1277480125427237 370.63843050599098 56.012054208666086 73.297651436179876 22.207305669784546 20.382285658270121 34.734318602830172 30.805744409561157 36.292055752128363 35.130163609981537
leaf_count=1401 6077 434 620 33095 2756 27338 29 13876 1847 3975 661 410 1297 1154 1281 1385
internal_value=0 -0.0869495 -0.0493638 0.179126 -0.00792556 -0.182174 0.0690211 -0.0856587 -0.0226872 -0.00399978 -0.0477035 0.0146271 -0.0360604 -0.00129302 0 0
internal_weight=0 1122.72 825.015 537.6 413.006 297.702 98.3708 412.009 376.644 263.295 113.35 129.972 133.323 98.5885 109.59 57.3375
internal_count=97636 58435 30663 39201 15386 27772 6106 15277 14766 10873 3893 5666 5207 3910 5256 2046
is_linear=0
shrinkage=0.198533


Tree=22
num_leaves=3
num_cat=0
split_feature=6 6
split_gain=1455.3 46.5847
threshold=0.06358017735561762 0.076204009774388598
decision_type=2 2
left_child=-1 -2
right_child=1 -3
leaf_value=0.20082802695139609 -0.0030910106719623139 -0.20240245884683924
leaf_weight=729.26785254059359 70.846220225095749 717.14116382598877
leaf_count=51663 353 45620
internal_value=0 -0.187062
internal_weight=0 787.987
internal_count=97636 45973
is_linear=0
shrinkage=0.198533


Tree=23
num_leaves=18
num_cat=0
split_feature=7 5 7 7 7 7 7 7 3 3 3 7 7 7 7 7 3
split_gain=401.658 69.4217 19.2212 14.8247 6.99815 6.47664 5.81031 2.04433 4.74752 0.962395 1.88779 0.873041 0.422475 1.63159 0.338737 0.0963808 0.0582947
threshold=0.28871201157742404 0.35714285714285715 -0.14259871821376888 0.7176452346495763 -0.13174488319206121 -0.42076700434153397 0.71294190614016972 -0.39451106057473634 -1.0000000180025095e-35 0.38461538461538464 -0.086538461538461522 0.22937771345875543 0.039745710150919988 0.057370270829026238 -0.032406450279098629 -0.093239611329336378 1.3461538461538465
decision_type=2 2 2 2 2 2 2 2 2 2 2 2 2 2 2 2 2
left_child=1 2 7 6 -4 -3 -2 -1 -9 10 12 -12 14 -14 15 -6 -10
right_child=3 5 4 -5 9 -7 -8 8 16 -11 11 -13 13 -15 -16 -17 -18
leaf_value=0 0.073586521601026911 0 0.07279440932986754 0.19333270467802499 -0.0099408206028135018 -0.18255893453336694 0 -0.12170541058434331 -0.04084390104316684 0 -0.043087136445758296 0 0.061124377081620836 0 -0.027619233870473565 0.0076232322503200466 0
leaf_weight=34.321670532226562 68.30002199113369 9.452279329299925 34.103395700454712 300.80725551024079 17.727325275540352 198.82164205471054 6.1202878952026358 112.75372787192464 175.7728895097971 76.034238233231008 111.09265471482649 1.8302600234746922 13.34760671854019 41.980007022619247 28.896781928371638 21.779485642910004 14.673750247806309
leaf_count=1401 5818 434 620 33095 653 27468 29 4579 8611 4832 5967 56 221 1164 1141 861 686
internal_value=0 -0.0732692 -0.0384265 0.170194 0 -0.175081 0.0459699 -0.0719978 -0.0776044 -0.0147097 -0.0210107 -0.0391895 0 0.00830766 -0.0130461 0 -0.0391306
internal_weight=0 892.588 684.314 375.228 346.792 208.274 74.4203 337.522 303.2 312.688 236.654 112.923 123.731 55.3276 68.4036 39.5068 190.447
internal_count=97636 58694 30792 38942 15515 27902 5847 15277 13876 14895 10063 6023 4040 1385 2655 1514 9297
is_linear=0
shrinkage=0.198533


Tree=24
num_leaves=9
num_cat=0
split_feature=5 3 1 3 5 3 5 5
split_gain=63.8726 22.1382 1.69363 0.707151 0.147294 0.283663 0.0390654 0.204648
threshold=0.35714285714285715 0.38461538461538464 1.5000000000000002 -0.15384615384615383 0.16666666666666669 -0.15384615384615383 -0.16666666666666663 -0.21428571428571425
decision_type=2 2 2 2 2 2 2 2
left_child=1 4 -3 -2 6 -6 7 -1
right_child=3 2 -4 -5 5 -7 -8 -9
leaf_value=0.0030568575276865651 0 0.066344762315679026 0 -0.10371525264179184 0 -0.0070813360472554397 0.0032493612321344064 -0.016658730193051301
leaf_weight=31.588684320449829 33.125136971473694 307.54570430889726 48.020764913409948 191.09618795942515 54.543218780308962 331.39394405856729 152.10622169449925 22.855912208557129
leaf_count=2251 2842 36113 3855 26567 2233 15354 7495 926
internal_value=0 0.0213958 0.0602514 -0.0952923 0 -0.00381412 0.00074937 0
internal_weight=0 948.054 355.566 224.221 592.488 385.937 206.551 54.4446
internal_count=97636 68227 39968 29409 28259 17587 10672 3177
is_linear=0
shrinkage=0.198533


Tree=25
num_leaves=9
num_cat=0
split_feature=4 7 4 7 7 7 7 7
split_gain=375.148 315.367 115.973 181.965 15.8871 2.12008 1.59078 1.04738
threshold=-0.16944444444444443 0.7176452346495763 -0.016666666666666663 -0.14259871821376888 0.24519330163324377 -0.13836055406243539 -0.15226379987595617 0.37890221211494735
decision_type=2 2 2 2 2 2 2 2
left_child=-1 2 3 6 -4 -5 -2 -6
right_child=1 -3 4 5 7 -7 -8 -9
leaf_value=0.18897941952405703 -0.1833563689996221 0.18531138769683572 -0.18869230401857257 0 0 0.19867641744558234 0 -0.033075001807214517
leaf_weight=297.85340685024858 103.4585113376379 148.91465379856527 453.21732020610943 15.412201255559919 8.1669940967112762 88.069515772163868 4.4053028523921958 33.008919842541218
leaf_count=38246 2051 9503 43380 62 409 2979 51 955
internal_value=0 -0.06797 -0.125068 0 -0.177244 0.181914 -0.178189 -0.00243861
internal_weight=0 854.653 705.739 211.346 494.393 103.482 107.864 41.1759
internal_count=97636 59390 49887 5143 44744 3041 2102 1364
is_linear=0
shrinkage=0.198533


Tree=26
num_leaves=3
num_cat=0
split_feature=6 6
split_gain=872.073 47.1268
threshold=0.06358017735561762 0.076204009774388598
decision_type=2 2
left_child=-1 -2
right_child=1 -3
leaf_value=0.19691953092465714 0 -0.19843446109378265
leaf_weight=462.38825337635353 65.469678521156311 454.87446562945843
leaf_count=51663 353 45620
internal_value=0 -0.175878
internal_weight=0 520.344
internal_count=97636 45973
is_linear=0
shrinkage=0.198533


Tree=27
num_leaves=9
num_cat=0
split_feature=4 4 3 3 4 4 3 4
split_gain=238.442 42.6721 6.51791 8.98939 5.99665 2.05456 2.05407 0.611935
threshold=-0.16944444444444443 0.015555555555555557 0.76923076923076927 -0.086538461538461522 9.6555555555555568 -0.09166666666666666 -0.15384615384615383 -0.14999999999999997
decision_type=2 2 2 2 2 2 2 2
left_child=-1 2 3 6 -3 -5 -2 -4
right_child=1 4 7 5 -6 -7 -8 -9
leaf_value=0.18204388688562989 0.052032126896368013 -0.10958762497272817 0 0.11756475576242342 0 0 -0.018580238821652603 -0.049793129503304605
leaf_weight=205.71201919391751 12.570710950996725 355.92475225776434 1.9265294075012196 35.83920507133007 42.402242593467236 22.701236129039899 91.91051197052002 56.390791811048985
leaf_count=38246 395 42909 455 1266 5609 1396 3100 4260
internal_value=0 -0.0621911 0 0.0276959 -0.100801 0.0872176 0 -0.0449759
internal_weight=0 619.666 221.339 163.022 398.327 58.5404 104.481 58.3173
internal_count=97636 59390 10872 6157 48518 2662 3495 4715
is_linear=0
shrinkage=0.198533


Tree=28
num_leaves=3
num_cat=0
split_feature=6 6
split_gain=646.21 43.124
threshold=0.06358017735561762 0.076204009774388598
decision_type=2 2
left_child=-1 -2
right_child=1 -3
leaf_value=0.19427932424324923 0 -0.19521799908653506
leaf_weight=357.49438604898751 64.920242115855217 348.96767979860306
leaf_count=51663 353 45620
internal_value=0 -0.167766
internal_weight=0 413.888
internal_count=97636 45973
is_linear=0
shrinkage=0.198533


Tree=29
num_leaves=3
num_cat=0
split_feature=6 6
split_gain=518.638 40.6089
threshold=0.06358017735561762 0.076204009774388598
decision_type=2 2
left_child=-1 -2
right_child=1 -3
leaf_value=0.19197504517628444 0 -0.19270887006274459
leaf_weight=296.34695473103784 64.920247137546539 289.54588264971972
leaf_count=51663 353 45620
internal_value=0 -0.161172
internal_weight=0 354.466
internal_count=97636 45973
is_linear=0
shrinkage=0.198533


Tree=30
num_leaves=7
num_cat=0
split_feature=5 2 5 5 5 2
split_gain=11.9331 0.990183 0.37442 0.797178 0.489837 0.918791
threshold=0.35714285714285715 2.5000000000000004 -0.071428571428571411 1.0000000180025095e-35 -0.16666666666666663 1.5000000000000002
decision_type=2 2 2 2 2 2
left_child=1 2 4 -4 -1 -6
right_child=-2 -3 3 -5 5 -7
leaf_value=0 -0.061208813659467211 0 -0.0053643999164773781 0.013645317487248709 0 0.045821570962212892
leaf_weight=37.972539290785789 98.965931319864467 116.8974307179451 38.764048398006707 157.04853326268494 16.086899369955063 85.616215080022812
leaf_count=8023 29409 16880 2749 11928 2765 25882
internal_value=0 0.0133009 0.0187693 0.000179396 0.0305146 0.0379941
internal_weight=0 452.386 335.488 195.813 139.676 101.703
internal_count=97636 68227 51347 14677 36670 28647
is_linear=0
shrinkage=0.198533


Tree=31
num_leaves=12
num_cat=0
split_feature=4 4 5 3 4 5 5 3 4 3 3
split_gain=112.076 20.2242 8.44159 6.14763 3.55055 2.45641 1.48484 0.828294 0.350093 0.139379 0.0750262
threshold=-0.16944444444444443 0.015555555555555557 1.0000000180025095e-35 -0.048076923076923073 9.4388888888888918 -0.21428571428571425 0.52380952380952384 -0.15384615384615383 -0.19444444444444442 -0.23076923076923075 -0.086538461538461522
decision_type=2 2 2 2 2 2 2 2 2 2 2
left_child=8 2 -2 7 5 -3 -5 -4 -1 -7 -9
right_child=1 4 3 6 -6 9 -8 10 -10 -11 -12
leaf_value=0.17418843700460254 -0.045699188232168869 0 0.046522050722530101 0.12158109272967614 0 0 0 -0.0074752557764557279 0 -0.095465070739844379 0
leaf_weight=108.77180391643196 68.16029722255189 6.3378440737724295 9.8878136412240547 27.548330905614424 30.230198301374912 7.4312159135006359 3.133048163028433 56.371766980737448 7.5984768941998473 216.59417850384489 5.3981666751205912
leaf_count=37187 6520 822 314 1075 5684 1241 548 2151 1059 40771 264
internal_value=0 -0.0474042 0 0.0409523 -0.0818013 -0.0902531 0.108821 0 0.168309 -0.0937756 -0.00265657
internal_weight=0 431.093 170.499 102.339 260.593 230.363 30.6814 71.6577 116.37 224.025 61.7699
internal_count=97636 59390 10872 4352 48518 42834 1623 2729 38246 42012 2415
is_linear=0
shrinkage=0.198533


end of trees

feature_importances:
PercentageCompleted=120
DisbursedAmount=98
Terms=91
InterestRate=68
OutstandingLoan=30
Occupation=15
MaritalStatus=2
Gender=1

parameters:
[boosting: gbdt]
[objective: binary]
[metric: auc,binary_logloss]
[tree_learner: serial]
[device_type: gpu]
[data: ]
[valid: ]
[num_iterations: 12749]
[learning_rate: 0.198533]
[num_leaves: 921]
[num_threads: -1]
[deterministic: 0]
[force_col_wise: 1]
[force_row_wise: 0]
[histogram_pool_size: -1]
[max_depth: 56]
[min_data_in_leaf: 85]
[min_sum_hessian_in_leaf: 0.001]
[bagging_fraction: 1]
[pos_bagging_fraction: 1]
[neg_bagging_fraction: 1]
[bagging_freq: 0]
[bagging_seed: 400]
[feature_fraction: 0.438489]
[feature_fraction_bynode: 1]
[feature_fraction_seed: 30056]
[extra_trees: 0]
[extra_seed: 12879]
[early_stopping_round: 200]
[first_metric_only: 0]
[max_delta_step: 0]
[lambda_l1: 9.7729]
[lambda_l2: 4.97905]
[linear_lambda: 0]
[min_gain_to_split: 0]
[drop_rate: 0.1]
[max_drop: 50]
[skip_drop: 0.5]
[xgboost_dart_mode: 0]
[uniform_drop: 0]
[drop_seed: 17869]
[top_rate: 0.2]
[other_rate: 0.1]
[min_data_per_group: 59]
[max_cat_threshold: 32]
[cat_l2: 17]
[cat_smooth: 92]
[max_cat_to_onehot: 4]
[top_k: 20]
[monotone_constraints: ]
[monotone_constraints_method: basic]
[monotone_penalty: 0]
[feature_contri: ]
[forcedsplits_filename: ]
[refit_decay_rate: 0.9]
[cegb_tradeoff: 1]
[cegb_penalty_split: 0]
[cegb_penalty_feature_lazy: ]
[cegb_penalty_feature_coupled: ]
[path_smooth: 0]
[interaction_constraints: ]
[verbosity: -1]
[saved_feature_importance_type: 0]
[linear_tree: 0]
[max_bin: 255]
[max_bin_by_feature: ]
[min_data_in_bin: 3]
[bin_construct_sample_cnt: 200000]
[data_random_seed: 175]
[is_enable_sparse: 1]
[enable_bundle: 1]
[use_missing: 1]
[zero_as_missing: 0]
[feature_pre_filter: 1]
[pre_partition: 0]
[two_round: 0]
[header: 0]
[label_column: ]
[weight_column: ]
[group_column: ]
[ignore_column: ]
[categorical_feature: ]
[forcedbins_filename: ]
[precise_float_parser: 0]
[objective_seed: 16083]
[num_class: 1]
[is_unbalance: 0]
[scale_pos_weight: 1]
[sigmoid: 1]
[boost_from_average: 1]
[reg_sqrt: 0]
[alpha: 0.9]
[fair_c: 1]
[poisson_max_delta_step: 0.7]
[tweedie_variance_power: 1.5]
[lambdarank_truncation_level: 30]
[lambdarank_norm: 1]
[label_gain: ]
[eval_at: ]
[multi_error_top_k: 1]
[auc_mu_weights: ]
[num_machines: 1]
[local_listen_port: 12400]
[time_out: 120]
[machine_list_filename: ]
[machines: ]
[gpu_platform_id: 0]
[gpu_device_id: 0]
[gpu_use_dp: 0]
[num_gpu: 1]

end of parameters

pandas_categorical:[]
